ANSWER: 0.021215395322761888
STD: 1.70938607666882e-05
